year month day precip ET streamflow Tmax Tmin
2001  10   1   0.0000000e+000   2.7530000e+000   2.0140000e-001   2.5461100e+001   8.0667000e+000
2001  10   2   0.0000000e+000   2.7190000e+000   1.9130000e-001   2.7122200e+001   7.4056000e+000
2001  10   3   0.0000000e+000   2.6840000e+000   1.8370000e-001   2.7244400e+001   8.3222000e+000
2001  10   4   1.6200000e+000   2.6500000e+000   1.7740000e-001   2.7166700e+001   9.6444000e+000
2001  10   5   1.8130000e+001   2.6160000e+000   1.7360000e-001   2.7861100e+001   1.1866700e+001
2001  10   6   2.4300000e+000   2.5830000e+000   2.5090000e-001   2.2683300e+001   1.1727800e+001
2001  10   7   0.0000000e+000   2.5490000e+000   2.2430000e-001   2.0455600e+001   5.2278000e+000
2001  10   8   0.0000000e+000   2.5150000e+000   1.9760000e-001   2.3433300e+001   6.3833000e+000
2001  10   9   0.0000000e+000   2.4810000e+000   1.7990000e-001   2.4444400e+001   8.9611000e+000
2001  10  10   5.7100000e+000   2.4480000e+000   1.7480000e-001   2.4394400e+001   1.4288900e+001
2001  10  11   3.1580000e+001   2.4140000e+000   2.0270000e-001   2.4716700e+001   1.7433300e+001
2001  10  12   4.8000000e-001   2.3810000e+000   3.7250000e-001   2.5988900e+001   1.9161100e+001
2001  10  13   9.0750000e+001   2.3480000e+000   5.8280000e-001   2.5955600e+001   1.9461100e+001
2001  10  14   4.2000000e-001   2.3150000e+000   2.9393000e+000   2.4550000e+001   1.4872200e+001
2001  10  15   2.0000000e-002   2.2830000e+000   3.7755000e+000   2.5755600e+001   9.1889000e+000
2001  10  16   0.0000000e+000   2.2500000e+000   4.7384000e+000   2.1094400e+001   8.1056000e+000
2001  10  17   0.0000000e+000   2.2180000e+000   3.1294000e+000   1.7566700e+001   2.3778000e+000
2001  10  18   0.0000000e+000   2.1850000e+000   2.1918000e+000   1.9522200e+001   1.4944000e+000
2001  10  19   0.0000000e+000   2.1530000e+000   9.8320000e-001   2.2388900e+001   2.5222000e+000
2001  10  20   0.0000000e+000   2.1220000e+000   5.8150000e-001   2.4777800e+001   5.4222000e+000
2001  10  21   0.0000000e+000   2.0900000e+000   4.7380000e-001   2.6966700e+001   8.5278000e+000
2001  10  22   0.0000000e+000   2.0590000e+000   4.1300000e-001   2.8344400e+001   1.1294400e+001
2001  10  23   0.0000000e+000   2.0280000e+000   3.7250000e-001   2.8061100e+001   1.3300000e+001
2001  10  24   5.6000000e-001   1.9970000e+000   3.4590000e-001   2.8755600e+001   1.4116700e+001
2001  10  25   2.7000000e-001   1.9670000e+000   3.2050000e-001   2.5622200e+001   8.6222000e+000
2001  10  26   0.0000000e+000   1.9360000e+000   2.9650000e-001   2.1516700e+001   5.2778000e+000
2001  10  27   0.0000000e+000   1.9060000e+000   2.7620000e-001   1.7844400e+001   2.7222000e+000
2001  10  28   0.0000000e+000   1.8770000e+000   2.6350000e-001   1.6444400e+001  -8.0000000e-001
2001  10  29   0.0000000e+000   1.8470000e+000   2.5590000e-001   1.8405600e+001  -8.7780000e-001
2001  10  30   0.0000000e+000   1.8180000e+000   2.5090000e-001   2.0816700e+001   2.6110000e-001
2001  10  31   0.0000000e+000   1.7890000e+000   2.4710000e-001   2.2861100e+001   1.8444000e+000
2001  11   1   0.0000000e+000   1.7610000e+000   2.4450000e-001   2.5572200e+001   6.4944000e+000
2001  11   2   0.0000000e+000   1.7330000e+000   2.4070000e-001   2.6133300e+001   1.0172200e+001
2001  11   3   4.5000000e-001   1.7050000e+000   2.3570000e-001   2.6761100e+001   1.0072200e+001
2001  11   4   0.0000000e+000   1.6780000e+000   2.2930000e-001   2.5533300e+001   1.0405600e+001
2001  11   5   2.0000000e-002   1.6510000e+000   2.2300000e-001   2.4211100e+001   6.8222000e+000
2001  11   6   0.0000000e+000   1.6240000e+000   2.1660000e-001   2.3572200e+001   3.9333000e+000
2001  11   7   0.0000000e+000   1.5980000e+000   2.1280000e-001   2.3844400e+001   3.2778000e+000
2001  11   8   0.0000000e+000   1.5720000e+000   2.1030000e-001   2.4111100e+001   5.4778000e+000
2001  11   9   2.0000000e-002   1.5460000e+000   2.0780000e-001   2.3216700e+001   5.8500000e+000
2001  11  10   0.0000000e+000   1.5210000e+000   2.0650000e-001   2.2672200e+001   4.8444000e+000
2001  11  11   0.0000000e+000   1.4960000e+000   2.0400000e-001   2.3127800e+001   7.8722000e+000
2001  11  12   4.5000000e-001   1.4720000e+000   2.0270000e-001   2.3216700e+001   5.9278000e+000
2001  11  13   0.0000000e+000   1.4480000e+000   2.0400000e-001   2.2922200e+001   4.9389000e+000
2001  11  14   0.0000000e+000   1.4250000e+000   2.0140000e-001   2.3144400e+001   6.1278000e+000
2001  11  15   0.0000000e+000   1.4020000e+000   1.9760000e-001   2.3033300e+001   5.7500000e+000
2001  11  16   0.0000000e+000   1.3790000e+000   1.9510000e-001   2.3183300e+001   3.7000000e+000
2001  11  17   0.0000000e+000   1.3570000e+000   1.9380000e-001   2.4472200e+001   2.8278000e+000
2001  11  18   0.0000000e+000   1.3350000e+000   1.9380000e-001   2.4811100e+001   3.4833000e+000
2001  11  19   2.0000000e-002   1.3140000e+000   1.9380000e-001   2.4244400e+001   4.9722000e+000
2001  11  20   7.6000000e-001   1.2930000e+000   1.9380000e-001   1.8722200e+001   5.4611000e+000
2001  11  21   1.8000000e-001   1.2730000e+000   1.9380000e-001   1.6261100e+001  -2.6111000e+000
2001  11  22   5.0000000e-002   1.2530000e+000   1.9640000e-001   1.9644400e+001  -2.7800000e-002
2001  11  23   2.8200000e+000   1.2330000e+000   2.0020000e-001   2.3366700e+001   6.5056000e+000
2001  11  24   1.0000000e+001   1.2150000e+000   2.2300000e-001   2.3550000e+001   1.3777800e+001
2001  11  25   7.0000000e-002   1.1960000e+000   2.5850000e-001   2.2811100e+001   4.8444000e+000
2001  11  26   9.1000000e-001   1.1780000e+000   2.5970000e-001   2.3500000e+001   7.6833000e+000
2001  11  27   6.1350000e+001   1.1610000e+000   6.9300000e-001   2.3633300e+001   1.5227800e+001
2001  11  28   9.5500000e+000   1.1440000e+000   7.0442000e+000   2.4300000e+001   1.6922200e+001
2001  11  29   3.1360000e+001   1.1280000e+000   4.2696000e+000   2.2627800e+001   1.6261100e+001
2001  11  30   1.0000000e-002   1.1120000e+000   4.6117000e+000   1.6644400e+001   4.3389000e+000
2001  12   1   0.0000000e+000   1.0970000e+000   3.5855000e+000   1.7694400e+001   1.6167000e+000
2001  12   2   9.0000000e-002   1.0820000e+000   2.6606000e+000   2.0511100e+001   3.3222000e+000
2001  12   3   0.0000000e+000   1.0680000e+000   1.3050000e+000   2.2811100e+001   4.2944000e+000
2001  12   4   0.0000000e+000   1.0540000e+000   8.3490000e-001   2.3788900e+001   6.2000000e+000
2001  12   5   0.0000000e+000   1.0410000e+000   6.6900000e-001   2.4205600e+001   7.4333000e+000
2001  12   6   0.0000000e+000   1.0280000e+000   5.7900000e-001   2.4105600e+001   9.4500000e+000
2001  12   7   0.0000000e+000   1.0160000e+000   5.2330000e-001   2.4494400e+001   1.0744400e+001
2001  12   8   1.7400000e+000   1.0050000e+000   4.8270000e-001   2.2272200e+001   1.2266700e+001
2001  12   9   6.0000000e-002   9.9400000e-001   4.6620000e-001   1.6955600e+001   9.1111000e+000
2001  12  10   1.2500000e+000   9.8300000e-001   4.4720000e-001   1.5461100e+001   8.1111000e+000
2001  12  11   1.8300000e+000   9.7300000e-001   4.2440000e-001   1.4550000e+001   5.2889000e+000
2001  12  12   2.2300000e+000   9.6400000e-001   4.0800000e-001   1.9511100e+001   8.9222000e+000
2001  12  13   7.5980000e+001   9.5500000e-001   1.4570000e+000   1.9477800e+001   1.2677800e+001
2001  12  14   1.7100000e+000   9.4700000e-001   8.8560000e+000   1.7116700e+001   1.0988900e+001
2001  12  15   1.2000000e-001   9.4000000e-001   9.2107000e+000   1.7855600e+001   4.3333000e+000
2001  12  16   1.7700000e+000   9.3300000e-001   1.2175400e+001   2.2311100e+001   7.7778000e+000
2001  12  17   1.6430000e+001   9.2600000e-001   7.4877000e+000   2.1822200e+001   1.5111100e+001
2001  12  18   0.0000000e+000   9.2000000e-001   4.8524000e+000   1.7761100e+001   4.8778000e+000
2001  12  19   0.0000000e+000   9.1500000e-001   4.0162000e+000   1.6583300e+001   2.7000000e+000
2001  12  20   0.0000000e+000   9.1100000e-001   2.7746000e+000   1.4088900e+001  -2.3890000e-001
2001  12  21   9.5000000e-001   9.0600000e-001   1.5710000e+000   1.6516700e+001  -1.9444000e+000
2001  12  22   4.0000000e-001   9.0300000e-001   1.1377000e+000   2.0761100e+001  -1.6670000e-001
2001  12  23   1.1060000e+001   9.0000000e-001   1.2226000e+000   1.7605600e+001   4.0111000e+000
2001  12  24   0.0000000e+000   8.9800000e-001   2.2045000e+000   1.0955600e+001  -1.9389000e+000
2001  12  25   0.0000000e+000   8.9600000e-001   2.4072000e+000   8.4000000e+000  -4.2056000e+000
2001  12  26   0.0000000e+000   8.9500000e-001   1.5203000e+000   9.8500000e+000  -5.3444000e+000
2001  12  27   0.0000000e+000   8.9400000e-001   1.0528000e+000   1.3211100e+001  -5.2611000e+000
2001  12  28   2.0000000e-002   8.9400000e-001   8.8560000e-001   1.6811100e+001  -2.6333000e+000
2001  12  29   0.0000000e+000   8.9500000e-001   7.8040000e-001   1.5844400e+001   1.3722000e+000
2001  12  30   0.0000000e+000   8.9600000e-001   7.0190000e-001   1.0466700e+001  -1.6611000e+000
2001  12  31   0.0000000e+000   8.9800000e-001   6.3220000e-001   5.9556000e+000  -1.5389000e+000
2002   1   1   1.4000000e-001   9.0000000e-001   5.8790000e-001   4.1611000e+000  -3.5056000e+000
2002   1   2   2.0000000e-002   9.0700000e-001   5.5110000e-001   4.4222000e+000  -2.2667000e+000
2002   1   3   1.0000000e-002   9.1100000e-001   5.2330000e-001   4.5611000e+000  -4.5722000e+000
2002   1   4   4.4400000e+000   9.1600000e-001   4.9790000e-001   7.2611000e+000  -9.0111000e+000
2002   1   5   1.7450000e+001   9.2100000e-001   5.0420000e-001   1.0594400e+001  -6.4278000e+000
2002   1   6   9.0200000e+000   9.2700000e-001   1.4443000e+000   7.9611000e+000   1.5778000e+000
2002   1   7   2.1000000e-001   9.3300000e-001   1.9004000e+000   5.4500000e+000  -8.0560000e-001
2002   1   8   0.0000000e+000   9.4000000e-001   2.0145000e+000   9.2833000e+000  -6.7000000e+000
2002   1   9   3.0000000e-002   9.4800000e-001   1.4823000e+000   1.7455600e+001  -3.8611000e+000
2002   1  10   4.4000000e-001   9.5600000e-001   1.0566000e+000   2.0050000e+001   2.7056000e+000
2002   1  11   1.1000000e+000   9.6500000e-001   8.6030000e-001   1.7488900e+001   7.6611000e+000
2002   1  12   5.9000000e+000   9.7400000e-001   8.9570000e-001   1.4505600e+001   5.7556000e+000
2002   1  13   0.0000000e+000   9.8400000e-001   1.0490000e+000   1.5288900e+001  -2.2389000e+000
2002   1  14   0.0000000e+000   9.9500000e-001   9.0080000e-001   1.6844400e+001   1.8556000e+000
2002   1  15   1.0000000e-002   1.0060000e+000   7.6900000e-001   1.5272200e+001  -1.4333000e+000
2002   1  16   7.0000000e-002   1.0170000e+000   6.5750000e-001   1.5861100e+001  -2.7222000e+000
2002   1  17   1.1300000e+000   1.0290000e+000   5.9040000e-001   1.8116700e+001  -4.1110000e-001
2002   1  18   1.0740000e+001   1.0420000e+000   5.6250000e-001   1.8488900e+001   3.7944000e+000
2002   1  19   2.5280000e+001   1.0550000e+000   1.0807000e+000   1.8677800e+001   5.5222000e+000
2002   1  20   3.0600000e+000   1.0690000e+000   2.9773000e+000   1.4461100e+001   2.2389000e+000
2002   1  21   1.0940000e+001   1.0830000e+000   4.6117000e+000   1.6233300e+001   3.4944000e+000
2002   1  22   2.6800000e+000   1.0980000e+000   4.1556000e+000   1.8800000e+001   3.0333000e+000
2002   1  23   9.3000000e+000   1.1130000e+000   3.2181000e+000   2.4222200e+001   1.0850000e+001
2002   1  24   2.5240000e+001   1.1290000e+000   2.1538000e+000   2.5600000e+001   1.6916700e+001
2002   1  25   1.9000000e-001   1.1460000e+000   4.6497000e+000   1.7855600e+001   4.4000000e+000
2002   1  26   2.0000000e-002   1.1630000e+000   5.7140000e+000   1.6444400e+001  -1.5389000e+000
2002   1  27   0.0000000e+000   1.1800000e+000   5.9673000e+000   2.0994400e+001   6.2220000e-001
2002   1  28   0.0000000e+000   1.1980000e+000   4.1176000e+000   2.3361100e+001   7.3111000e+000
2002   1  29   2.0000000e-001   1.2160000e+000   2.6733000e+000   2.4227800e+001   1.4988900e+001
2002   1  30   1.0000000e-001   1.2350000e+000   1.7484000e+000   2.3727800e+001   1.6966700e+001
2002   1  31   2.5360000e+001   1.2550000e+000   1.4317000e+000   2.5888900e+001   1.7472200e+001
2002   2   1   2.1900000e+000   1.2750000e+000   2.5719000e+000   1.8511100e+001   5.5833000e+000
2002   2   2   2.0000000e-002   1.2950000e+000   3.9402000e+000   1.1944400e+001  -2.0560000e-001
2002   2   3   0.0000000e+000   1.3160000e+000   3.8135000e+000   1.2377800e+001   1.9833000e+000
2002   2   4   4.9000000e+000   1.3370000e+000   2.5212000e+000   1.2783300e+001   4.2278000e+000
2002   2   5   1.3260000e+001   1.3590000e+000   1.5964000e+000   7.7500000e+000   2.2778000e+000
2002   2   6   1.5460000e+001   1.3810000e+000   2.3185000e+000   4.2778000e+000   1.0278000e+000
2002   2   7   1.0000000e-002   1.4040000e+000   4.0923000e+000   4.7167000e+000   1.4611000e+000
2002   2   8   1.0000000e-002   1.4270000e+000   4.3837000e+000   1.2822200e+001  -1.5889000e+000
2002   2   9   0.0000000e+000   1.4500000e+000   3.4461000e+000   1.7650000e+001  -1.9222000e+000
2002   2  10   1.0400000e+000   1.4740000e+000   2.0905000e+000   1.5844400e+001   3.5500000e+000
2002   2  11   1.4000000e-001   1.4990000e+000   1.5077000e+000   1.2844400e+001   3.5889000e+000
2002   2  12   0.0000000e+000   1.5230000e+000   1.2796000e+000   1.4483300e+001  -3.1333000e+000
2002   2  13   0.0000000e+000   1.5490000e+000   1.1263000e+000   1.6322200e+001   9.3890000e-001
2002   2  14   0.0000000e+000   1.5740000e+000   1.0161000e+000   1.6050000e+001  -1.0833000e+000
2002   2  15   0.0000000e+000   1.6000000e+000   9.2990000e-001   1.8722200e+001  -1.4167000e+000
2002   2  16   4.0000000e-002   1.6270000e+000   8.7930000e-001   1.8750000e+001   1.2278000e+000
2002   2  17   0.0000000e+000   1.6530000e+000   8.2480000e-001   1.7700000e+001  -5.2780000e-001
2002   2  18   4.6200000e+000   1.6800000e+000   7.7540000e-001   1.9394400e+001   1.1667000e+000
2002   2  19   5.7500000e+000   1.7080000e+000   7.3480000e-001   2.0866700e+001   6.3056000e+000
2002   2  20   2.5810000e+001   1.7360000e+000   2.7366000e+000   2.1694400e+001   9.8778000e+000
2002   2  21   6.1000000e-001   1.7640000e+000   4.3456000e+000   2.2600000e+001   2.0111000e+000
2002   2  22   7.0000000e-002   1.7920000e+000   3.9402000e+000   1.6994400e+001   3.3000000e+000
2002   2  23   0.0000000e+000   1.8210000e+000   2.6859000e+000   1.4205600e+001  -2.2611000e+000
2002   2  24   2.7000000e-001   1.8500000e+000   1.5330000e+000   1.8850000e+001  -2.1278000e+000
2002   2  25   2.1000000e-001   1.8790000e+000   1.1757000e+000   2.1294400e+001   5.5000000e-001
2002   2  26   1.2000000e-001   1.9090000e+000   1.0262000e+000   1.4100000e+001   2.2333000e+000
2002   2  27   0.0000000e+000   1.9390000e+000   9.3500000e-001   5.3000000e+000  -5.5111000e+000
2002   2  28   7.6000000e-001   1.9690000e+000   8.5900000e-001   8.3167000e+000  -8.5000000e+000
2002   3   1   9.2500000e+000   2.0000000e+000   8.1850000e-001   1.0411100e+001  -2.9889000e+000
2002   3   2   1.6000000e-001   2.0310000e+000   1.0161000e+000   1.7950000e+001   3.7278000e+000
2002   3   3   2.0000000e-002   2.0620000e+000   1.0832000e+000   1.1494400e+001  -3.0667000e+000
2002   3   4   0.0000000e+000   2.0930000e+000   9.5780000e-001   5.4000000e+000  -6.6278000e+000
2002   3   5   0.0000000e+000   2.1250000e+000   8.4250000e-001   1.3600000e+001  -6.5500000e+000
2002   3   6   0.0000000e+000   2.1570000e+000   7.7280000e-001   1.9266700e+001  -3.3222000e+000
2002   3   7   6.4000000e-001   2.1890000e+000   7.2720000e-001   2.2588900e+001   2.1167000e+000
2002   3   8   4.7400000e+000   2.2210000e+000   6.9940000e-001   2.3883300e+001   6.1667000e+000
2002   3   9   3.3400000e+000   2.2530000e+000   6.8160000e-001   2.2977800e+001   1.1827800e+001
2002   3  10   3.6100000e+000   2.2860000e+000   8.1210000e-001   1.7983300e+001   1.0389000e+000
2002   3  11   3.8100000e+000   2.3180000e+000   8.3240000e-001   1.6827800e+001   1.7780000e-001
2002   3  12   3.8630000e+001   2.3510000e+000   3.1420000e+000   1.8500000e+001   7.7222000e+000
2002   3  13   0.0000000e+000   2.3840000e+000   5.5366000e+000   1.9672200e+001   8.8111000e+000
2002   3  14   3.0000000e-002   2.4180000e+000   5.0678000e+000   2.2027800e+001   6.5722000e+000
2002   3  15   6.8500000e+000   2.4510000e+000   4.0036000e+000   2.6366700e+001   1.1866700e+001
2002   3  16   2.6400000e+000   2.4850000e+000   2.9647000e+000   2.8211100e+001   1.8755600e+001
2002   3  17   1.4000000e-001   2.5180000e+000   3.2561000e+000   2.9005600e+001   1.8916700e+001
2002   3  18   1.0360000e+001   2.5520000e+000   3.1547000e+000   2.7777800e+001   1.7522200e+001
2002   3  19   2.2300000e+000   2.5860000e+000   1.7991000e+000   2.7572200e+001   1.7211100e+001
2002   3  20   2.4600000e+001   2.6200000e+000   1.3176000e+000   2.6794400e+001   1.6744400e+001
2002   3  21   1.7200000e+000   2.6540000e+000   2.8760000e+000   2.1938900e+001   1.0794400e+001
2002   3  22   4.7000000e-001   2.6880000e+000   3.3321000e+000   1.4261100e+001  -2.0000000e-001
2002   3  23   0.0000000e+000   2.7220000e+000   2.8886000e+000   1.5744400e+001  -1.1000000e+000
2002   3  24   1.2500000e+000   2.7560000e+000   1.6217000e+000   2.2205600e+001   1.5722000e+000
2002   3  25   4.5000000e-001   2.7900000e+000   1.0592000e+000   2.5750000e+001   9.7889000e+000
2002   3  26   1.4650000e+001   2.8250000e+000   1.2441000e+000   2.1138900e+001   1.0694400e+001
2002   3  27   3.6000000e-001   2.8590000e+000   1.2796000e+000   1.7433300e+001   4.0833000e+000
2002   3  28   0.0000000e+000   2.8930000e+000   1.0769000e+000   2.3605600e+001   2.8611000e+000
2002   3  29   7.0000000e-002   2.9270000e+000   8.9700000e-001   2.7361100e+001   1.2372200e+001
2002   3  30   3.6000000e-001   2.9620000e+000   7.8170000e-001   2.7122200e+001   1.7833300e+001
2002   3  31   2.3090000e+001   2.9960000e+000   9.0840000e-001   2.4150000e+001   1.5088900e+001
2002   4   1   7.0000000e-002   3.0300000e+000   1.6850000e+000   2.4038900e+001   1.1550000e+001
2002   4   2   0.0000000e+000   3.0640000e+000   1.9891000e+000   2.6116700e+001   9.3556000e+000
2002   4   3   0.0000000e+000   3.0990000e+000   1.4570000e+000   2.2377800e+001   1.1666700e+001
2002   4   4   1.7000000e-001   3.1330000e+000   9.2230000e-001   1.6650000e+001   5.3056000e+000
2002   4   5   2.0000000e-002   3.1670000e+000   7.3860000e-001   1.8088900e+001   3.2389000e+000
2002   4   6   0.0000000e+000   3.2010000e+000   6.3600000e-001   2.0661100e+001   2.5500000e+000
2002   4   7   0.0000000e+000   3.2340000e+000   5.7770000e-001   2.4172200e+001   4.7889000e+000
2002   4   8   6.3830000e+001   3.2680000e+000   1.4950000e+000   2.3038900e+001   1.4327800e+001
2002   4   9   4.0000000e-002   3.3020000e+000   9.0334000e+000   2.2250000e+001   1.2827800e+001
2002   4  10   0.0000000e+000   3.3350000e+000   7.6524000e+000   2.4861100e+001   1.2172200e+001
2002   4  11   2.3200000e+000   3.3690000e+000   8.2732000e+000   2.5483300e+001   1.3183300e+001
2002   4  12   1.1000000e+000   3.4020000e+000   5.1058000e+000   2.4872200e+001   1.4333300e+001
2002   4  13   3.6000000e-001   3.4350000e+000   2.8886000e+000   2.5144400e+001   1.4377800e+001
2002   4  14   1.3000000e-001   3.4680000e+000   1.7864000e+000   2.6061100e+001   1.5066700e+001
2002   4  15   0.0000000e+000   3.5010000e+000   1.2226000e+000   2.6811100e+001   1.5655600e+001
2002   4  16   0.0000000e+000   3.5330000e+000   1.0047000e+000   2.8050000e+001   1.7177800e+001
2002   4  17   0.0000000e+000   3.5650000e+000   8.6280000e-001   2.9777800e+001   1.6750000e+001
2002   4  18   0.0000000e+000   3.5980000e+000   7.5380000e-001   3.0255600e+001   1.5961100e+001
2002   4  19   0.0000000e+000   3.6300000e+000   6.7280000e-001   2.9866700e+001   1.5977800e+001
2002   4  20   0.0000000e+000   3.6610000e+000   6.1190000e-001   3.0138900e+001   1.6627800e+001
2002   4  21   0.0000000e+000   3.6930000e+000   5.6130000e-001   2.9655600e+001   1.7388900e+001
2002   4  22   4.7800000e+000   3.7240000e+000   5.2330000e-001   2.4805600e+001   1.6183300e+001
2002   4  23   2.0000000e-002   3.7550000e+000   4.9920000e-001   2.3577800e+001   1.2794400e+001
2002   4  24   0.0000000e+000   3.7860000e+000   4.8270000e-001   2.7555600e+001   1.4566700e+001
2002   4  25   1.0000000e-002   3.8170000e+000   4.5610000e-001   2.5966700e+001   1.5694400e+001
2002   4  26   1.4000000e-001   3.8470000e+000   4.2700000e-001   2.1100000e+001   1.2361100e+001
2002   4  27   2.3000000e-001   3.8770000e+000   4.0540000e-001   2.6983300e+001   1.1305600e+001
2002   4  28   0.0000000e+000   3.9060000e+000   3.9020000e-001   3.0861100e+001   1.9200000e+001
2002   4  29   2.5100000e+000   3.9360000e+000   3.7380000e-001   3.0311100e+001   2.0361100e+001
2002   4  30   2.6000000e-001   3.9650000e+000   4.1050000e-001   2.9411100e+001   1.9361100e+001
2002   5   1   0.0000000e+000   3.9940000e+000   4.0160000e-001   3.0722200e+001   2.0555600e+001
2002   5   2   0.0000000e+000   4.0220000e+000   3.6990000e-001   3.1500000e+001   2.1977800e+001
2002   5   3   4.6000000e-001   4.0500000e+000   3.4080000e-001   3.0622200e+001   2.1750000e+001
2002   5   4   1.7400000e+000   4.0780000e+000   3.2430000e-001   2.7572200e+001   2.0633300e+001
2002   5   5   2.0000000e-002   4.1050000e+000   3.1670000e-001   2.8472200e+001   1.7422200e+001
2002   5   6   1.0000000e-002   4.1320000e+000   3.0530000e-001   3.0933300e+001   1.9250000e+001
2002   5   7   0.0000000e+000   4.1590000e+000   2.9270000e-001   3.1927800e+001   1.9738900e+001
2002   5   8   7.6000000e-001   4.1850000e+000   2.8130000e-001   3.2038900e+001   2.0233300e+001
2002   5   9   2.0000000e-001   4.2110000e+000   2.6860000e-001   3.1700000e+001   2.0688900e+001
2002   5  10   3.0000000e-001   4.2370000e+000   2.5720000e-001   3.1177800e+001   1.9788900e+001
2002   5  11   0.0000000e+000   4.2620000e+000   2.5090000e-001   3.1516700e+001   1.8611100e+001
2002   5  12   4.5000000e-001   4.2870000e+000   2.4330000e-001   3.2327800e+001   1.9194400e+001
2002   5  13   7.7000000e-001   4.3110000e+000   2.3440000e-001   2.8088900e+001   1.8716700e+001
2002   5  14   0.0000000e+000   4.3350000e+000   2.2930000e-001   2.5766700e+001   7.1389000e+000
2002   5  15   0.0000000e+000   4.3580000e+000   2.2810000e-001   2.7405600e+001   8.8778000e+000
2002   5  16   2.8800000e+000   4.3820000e+000   2.1920000e-001   2.9333300e+001   1.0433300e+001
2002   5  17   1.3720000e+001   4.4040000e+000   2.2300000e-001   2.9866700e+001   1.8872200e+001
2002   5  18   5.0000000e-002   4.4260000e+000   2.8250000e-001   2.2805600e+001   1.2111100e+001
2002   5  19   7.0000000e-002   4.4480000e+000   2.9770000e-001   2.1105600e+001   7.3000000e+000
2002   5  20   0.0000000e+000   4.4690000e+000   2.6100000e-001   2.2833300e+001   5.7167000e+000
2002   5  21   0.0000000e+000   4.4900000e+000   2.4070000e-001   2.4016700e+001   7.6167000e+000
2002   5  22   0.0000000e+000   4.5100000e+000   2.2680000e-001   2.4944400e+001   7.0667000e+000
2002   5  23   0.0000000e+000   4.5300000e+000   2.1660000e-001   2.6522200e+001   7.4278000e+000
2002   5  24   0.0000000e+000   4.5500000e+000   2.0900000e-001   2.8900000e+001   9.7556000e+000
2002   5  25   0.0000000e+000   4.5680000e+000   2.0520000e-001   3.0316700e+001   1.3811100e+001
2002   5  26   0.0000000e+000   4.5870000e+000   2.0270000e-001   3.0555600e+001   1.4538900e+001
2002   5  27   1.0500000e+000   4.6050000e+000   1.9760000e-001   3.1405600e+001   1.5400000e+001
2002   5  28   1.3620000e+001   4.6220000e+000   1.9380000e-001   3.1577800e+001   1.6983300e+001
2002   5  29   7.5700000e+000   4.6390000e+000   2.4200000e-001   2.8861100e+001   1.8116700e+001
2002   5  30   1.3530000e+001   4.6550000e+000   3.5980000e-001   2.7577800e+001   1.7694400e+001
2002   5  31   1.3000000e-001   4.6710000e+000   4.1940000e-001   2.9300000e+001   1.6472200e+001
2002   6   1   0.0000000e+000   4.6860000e+000   3.2310000e-001   3.2161100e+001   1.7166700e+001
2002   6   2   0.0000000e+000   4.7010000e+000   2.6610000e-001   3.3266700e+001   1.7794400e+001
2002   6   3   0.0000000e+000   4.7150000e+000   2.4070000e-001   3.3811100e+001   1.8911100e+001
2002   6   4   2.0000000e-002   4.7290000e+000   2.1540000e-001   3.3633300e+001   1.9183300e+001
2002   6   5   6.6000000e-001   4.7420000e+000   2.0020000e-001   3.2994400e+001   1.9566700e+001
2002   6   6   6.6000000e-001   4.7550000e+000   1.9000000e-001   3.2272200e+001   2.0072200e+001
2002   6   7   0.0000000e+000   4.7670000e+000   1.8750000e-001   3.2816700e+001   1.9844400e+001
2002   6   8   1.3240000e+001   4.7790000e+000   1.8370000e-001   3.2383300e+001   1.9750000e+001
2002   6   9   1.0800000e+000   4.7890000e+000   5.7770000e-001   3.2000000e+001   2.1005600e+001
2002   6  10   2.8800000e+000   4.8000000e+000   3.7380000e-001   3.1250000e+001   2.0988900e+001
2002   6  11   1.0300000e+000   4.8100000e+000   2.7750000e-001   3.2461100e+001   1.9750000e+001
2002   6  12   0.0000000e+000   4.8190000e+000   2.4830000e-001   3.3288900e+001   1.9505600e+001
2002   6  13   2.9000000e+000   4.8280000e+000   2.1540000e-001   3.3466700e+001   1.9761100e+001
2002   6  14   1.6000000e-001   4.8360000e+000   1.9380000e-001   3.1650000e+001   2.0605600e+001
2002   6  15   5.7000000e-001   4.8430000e+000   1.8240000e-001   2.9577800e+001   1.3372200e+001
2002   6  16   1.3600000e+000   4.8500000e+000   1.7360000e-001   2.8511100e+001   1.3572200e+001
2002   6  17   6.0000000e-002   4.8570000e+000   1.7230000e-001   2.9038900e+001   1.6472200e+001
2002   6  18   4.4000000e-001   4.8630000e+000   1.6980000e-001   3.1194400e+001   1.5916700e+001
2002   6  19   1.8170000e+001   4.8680000e+000   1.6470000e-001   3.2194400e+001   1.8311100e+001
2002   6  20   1.7000000e+000   4.8730000e+000   1.6090000e-001   3.2733300e+001   1.8338900e+001
2002   6  21   8.1000000e-001   4.8770000e+000   1.5710000e-001   3.2050000e+001   1.8050000e+001
2002   6  22   4.1500000e+000   4.8800000e+000   1.6600000e-001   3.0122200e+001   1.5955600e+001
2002   6  23   3.1200000e+000   4.8830000e+000   1.9260000e-001   2.8605600e+001   1.8561100e+001
2002   6  24   1.6000000e+000   4.8850000e+000   2.0270000e-001   3.0316700e+001   1.8927800e+001
2002   6  25   5.2200000e+000   4.8870000e+000   2.0780000e-001   3.1022200e+001   1.8794400e+001
2002   6  26   5.0400000e+000   4.8880000e+000   1.8880000e-001   3.0016700e+001   2.0266700e+001
2002   6  27   2.1220000e+001   4.8890000e+000   2.4450000e-001   2.8894400e+001   2.0155600e+001
2002   6  28   8.9400000e+000   4.8890000e+000   4.7890000e-001   2.8977800e+001   2.0816700e+001
2002   6  29   7.3500000e+000   4.8880000e+000   3.4080000e-001   2.9816700e+001   2.0566700e+001
2002   6  30   2.6000000e-001   4.8870000e+000   2.7110000e-001   3.1972200e+001   2.0383300e+001
2002   7   1   1.1310000e+001   4.8850000e+000   2.7370000e-001   3.2572200e+001   2.0166700e+001
2002   7   2   3.2600000e+000   4.8830000e+000   3.6490000e-001   3.2511100e+001   1.9411100e+001
2002   7   3   9.2000000e+000   4.8800000e+000   4.0670000e-001   3.2405600e+001   2.0622200e+001
2002   7   4   3.7600000e+000   4.8760000e+000   4.4220000e-001   3.2066700e+001   2.0583300e+001
2002   7   5   3.5000000e-001   4.8720000e+000   4.1180000e-001   3.2755600e+001   2.0500000e+001
2002   7   6   1.2000000e-001   4.8670000e+000   3.5350000e-001   3.4011100e+001   2.0872200e+001
2002   7   7   1.1200000e+000   4.8620000e+000   2.8000000e-001   3.4644400e+001   2.1766700e+001
2002   7   8   3.0000000e-002   4.8560000e+000   2.4450000e-001   3.3872200e+001   2.0827800e+001
2002   7   9   1.0800000e+000   4.8500000e+000   2.3190000e-001   3.3505600e+001   2.0744400e+001
2002   7  10   1.0800000e+000   4.8430000e+000   2.0780000e-001   3.3461100e+001   2.1438900e+001
2002   7  11   1.1530000e+001   4.8350000e+000   2.1410000e-001   3.2311100e+001   2.1450000e+001
2002   7  12   1.2870000e+001   4.8270000e+000   2.2680000e-001   3.2322200e+001   2.0677800e+001
2002   7  13   1.8800000e+000   4.8180000e+000   7.0700000e-001   3.1283300e+001   2.0772200e+001
2002   7  14   1.2400000e+000   4.8090000e+000   7.3610000e-001   3.0344400e+001   2.1666700e+001
2002   7  15   8.5100000e+000   4.7990000e+000   4.9410000e-001   3.1900000e+001   2.1405600e+001
2002   7  16   7.2700000e+000   4.7880000e+000   4.2820000e-001   3.2672200e+001   2.0411100e+001
2002   7  17   5.1000000e-001   4.7770000e+000   3.0150000e-001   3.3700000e+001   2.0655600e+001
2002   7  18   5.4000000e-001   4.7660000e+000   2.5850000e-001   3.4311100e+001   2.1500000e+001
2002   7  19   2.9700000e+000   4.7540000e+000   2.5090000e-001   3.4622200e+001   2.1577800e+001
2002   7  20   5.8000000e-001   4.7410000e+000   3.5090000e-001   3.4550000e+001   2.1833300e+001
2002   7  21   1.1040000e+001   4.7280000e+000   2.2040000e-001   3.3694400e+001   2.1816700e+001
2002   7  22   1.5240000e+001   4.7140000e+000   3.8390000e-001   3.2555600e+001   2.0527800e+001
2002   7  23   3.5400000e+000   4.7000000e+000   1.0680000e+000   3.2666700e+001   2.0805600e+001
2002   7  24   7.8200000e+000   4.6850000e+000   5.5240000e-001   3.1283300e+001   2.1544400e+001
2002   7  25   4.6900000e+000   4.6700000e+000   5.0040000e-001   3.1400000e+001   2.1527800e+001
2002   7  26   4.4000000e-001   4.6540000e+000   3.9530000e-001   3.2238900e+001   2.1788900e+001
2002   7  27   6.0000000e-002   4.6370000e+000   3.3070000e-001   3.3061100e+001   2.1533300e+001
2002   7  28   1.2100000e+000   4.6200000e+000   2.6350000e-001   3.3750000e+001   2.2450000e+001
2002   7  29   1.7170000e+001   4.6030000e+000   2.9770000e-001   3.3411100e+001   2.2405600e+001
2002   7  30   1.8980000e+001   4.5850000e+000   6.4490000e-001   3.2438900e+001   2.1544400e+001
2002   7  31   1.1170000e+001   4.5670000e+000   7.6520000e-001   3.2066700e+001   2.1311100e+001
2002   8   1   1.9850000e+001   4.5480000e+000   6.2330000e-001   3.0588900e+001   2.0994400e+001
2002   8   2   3.5900000e+000   4.5280000e+000   4.7260000e-001   3.2333300e+001   2.1016700e+001
2002   8   3   3.2200000e+000   4.5080000e+000   7.3360000e-001   3.3977800e+001   2.0922200e+001
2002   8   4   0.0000000e+000   4.4880000e+000   9.0710000e-001   3.3061100e+001   2.0877800e+001
2002   8   5   3.1100000e+000   4.4670000e+000   8.0830000e-001   3.0605600e+001   2.1916700e+001
2002   8   6   2.6000000e-001   4.4460000e+000   4.5360000e-001   3.1650000e+001   2.2338900e+001
2002   8   7   1.8000000e-001   4.4240000e+000   3.2560000e-001   3.3066700e+001   2.1916700e+001
2002   8   8   2.5000000e-001   4.4020000e+000   2.7110000e-001   3.3394400e+001   2.1188900e+001
2002   8   9   3.0000000e-002   4.3790000e+000   2.3950000e-001   3.2505600e+001   1.9900000e+001
2002   8  10   0.0000000e+000   4.3560000e+000   2.1920000e-001   3.1811100e+001   1.9738900e+001
2002   8  11   2.5200000e+000   4.3330000e+000   2.1540000e-001   3.1716700e+001   1.7988900e+001
2002   8  12   2.7900000e+000   4.3090000e+000   2.0400000e-001   3.1600000e+001   1.9333300e+001
2002   8  13   2.8200000e+000   4.2840000e+000   1.9260000e-001   3.1455600e+001   2.0072200e+001
2002   8  14   2.7500000e+000   4.2600000e+000   1.8880000e-001   3.1805600e+001   2.0844400e+001
2002   8  15   9.3600000e+000   4.2340000e+000   1.8240000e-001   3.1877800e+001   2.1833300e+001
2002   8  16   2.7200000e+000   4.2090000e+000   1.7860000e-001   3.2272200e+001   2.1244400e+001
2002   8  17   1.2500000e+000   4.1830000e+000   1.8750000e-001   3.3033300e+001   2.1355600e+001
2002   8  18   7.9000000e-001   4.1560000e+000   1.9380000e-001   3.3233300e+001   2.2005600e+001
2002   8  19   8.8400000e+000   4.1300000e+000   2.0270000e-001   3.2961100e+001   2.1733300e+001
2002   8  20   1.6100000e+000   4.1030000e+000   2.0900000e-001   3.2883300e+001   2.0788900e+001
2002   8  21   2.9700000e+000   4.0750000e+000   2.0650000e-001   3.2938900e+001   2.0911100e+001
2002   8  22   1.3800000e+000   4.0470000e+000   2.1410000e-001   3.2233300e+001   2.1177800e+001
2002   8  23   5.6000000e-001   4.0190000e+000   2.0140000e-001   3.2866700e+001   2.1583300e+001
2002   8  24   1.5100000e+000   3.9910000e+000   2.0650000e-001   3.3194400e+001   2.2122200e+001
2002   8  25   4.6500000e+000   3.9620000e+000   2.0400000e-001   3.2288900e+001   2.2044400e+001
2002   8  26   3.8500000e+000   3.9330000e+000   1.9000000e-001   3.2105600e+001   1.9900000e+001
2002   8  27   0.0000000e+000   3.9040000e+000   1.7990000e-001   3.2072200e+001   1.8700000e+001
2002   8  28   0.0000000e+000   3.8740000e+000   1.6600000e-001   3.1677800e+001   1.8372200e+001
2002   8  29   2.0000000e-002   3.8440000e+000   1.7990000e-001   3.1583300e+001   1.9177800e+001
2002   8  30   6.0000000e-002   3.8140000e+000   1.6470000e-001   3.1744400e+001   1.9955600e+001
2002   8  31   1.2000000e-001   3.7830000e+000   1.5330000e-001   3.1722200e+001   2.0672200e+001
2002   9   1   0.0000000e+000   3.7520000e+000   1.4700000e-001   3.0955600e+001   2.0805600e+001
2002   9   2   2.0000000e-002   3.7210000e+000   1.4190000e-001   3.1338900e+001   1.9561100e+001
2002   9   3   3.0000000e-002   3.6900000e+000   1.3810000e-001   3.2233300e+001   2.0127800e+001
2002   9   4   0.0000000e+000   3.6580000e+000   1.3430000e-001   3.3555600e+001   2.0800000e+001
2002   9   5   3.2000000e-001   3.6270000e+000   1.2920000e-001   3.4861100e+001   2.0577800e+001
2002   9   6   3.0200000e+000   3.5950000e+000   1.2540000e-001   3.4516700e+001   2.0616700e+001
2002   9   7   5.6000000e+000   3.5620000e+000   1.2800000e-001   3.1905600e+001   2.1622200e+001
2002   9   8   0.0000000e+000   3.5300000e+000   1.3430000e-001   3.0927800e+001   2.1261100e+001
2002   9   9   0.0000000e+000   3.4970000e+000   1.3680000e-001   3.2533300e+001   1.9388900e+001
2002   9  10   0.0000000e+000   3.4650000e+000   1.2920000e-001   3.4472200e+001   1.8844400e+001
2002   9  11   0.0000000e+000   3.4320000e+000   1.2290000e-001   3.5211100e+001   1.8138900e+001
2002   9  12   0.0000000e+000   3.3990000e+000   1.2040000e-001   3.4677800e+001   1.8972200e+001
2002   9  13   4.0000000e-002   3.3650000e+000   1.1660000e-001   3.3900000e+001   1.9877800e+001
2002   9  14   1.8000000e-001   3.3320000e+000   1.1660000e-001   3.1405600e+001   2.0450000e+001
2002   9  15   9.5000000e-001   3.2980000e+000   1.1910000e-001   3.2844400e+001   1.9283300e+001
2002   9  16   2.2600000e+000   3.2650000e+000   1.2290000e-001   3.2516700e+001   2.0727800e+001
2002   9  17   5.0300000e+000   3.2310000e+000   1.3430000e-001   3.1366700e+001   2.1916700e+001
2002   9  18   2.7000000e-001   3.1970000e+000   1.2540000e-001   3.2516700e+001   2.1900000e+001
2002   9  19   2.0400000e+000   3.1630000e+000   1.2160000e-001   3.3105600e+001   2.1888900e+001
2002   9  20   8.2000000e+000   3.1290000e+000   1.1910000e-001   3.2633300e+001   2.2288900e+001
2002   9  21   8.3300000e+000   3.0950000e+000   1.3810000e-001   3.1705600e+001   2.1977800e+001
2002   9  22   1.1470000e+001   3.0610000e+000   1.6980000e-001   2.9616700e+001   2.1866700e+001
2002   9  23   5.1000000e-001   3.0270000e+000   1.7990000e-001   2.7922200e+001   1.9111100e+001
2002   9  24   6.1700000e+000   2.9930000e+000   2.0020000e-001   2.6427800e+001   1.8677800e+001
2002   9  25   9.7430000e+001   2.9580000e+000   5.6000000e-001   2.2916700e+001   1.9127800e+001
2002   9  26   1.0261000e+002   2.9240000e+000   4.9411000e+000   2.3205600e+001   1.9533300e+001
2002   9  27   2.7000000e+000   2.8900000e+000   7.9058000e+000   2.6888900e+001   1.8911100e+001
2002   9  28   1.1100000e+000   2.8560000e+000   8.4632000e+000   2.8877800e+001   1.5827800e+001
2002   9  29   0.0000000e+000   2.8210000e+000   9.7175000e+000   2.9583300e+001   1.5688900e+001
2002   9  30   1.5000000e-001   2.7870000e+000   4.5103000e+000   3.0250000e+001   1.6516700e+001

